Probability of leaving respect age group, Lenght of service, Probability of leaving 
0.4166666666666667 0.5737455526990014
1.25 0.5721268521740777
2.0833333333333335 0.5729797828352875
2.916666666666667 0.5732288136852757
3.75 0.5731852332865279
5.416666666666667 0.5731852332865277
6.25 0.5731292013452804
7.083333333333334 0.5726249138740542
7.916666666666667 0.5711431803166241
8.75 0.5724505922790626
10.416666666666668 0.5723073995403193
11.25 0.5717533058990953
12.083333333333334 0.5712552441991188
12.916666666666668 0.5693501581967088
13.75 0.5734529414502652
15.416666666666668 0.5737517784702512
16.25 0.5736334888165067
17.083333333333336 0.5744490648502182
17.916666666666668 0.575955701492647
18.75 0.5769331475788508
20.416666666666668 0.579218005627493
21.25 0.5807557711261706
22.083333333333336 0.5821565696573544
22.916666666666668 0.5835262393322896
23.75 0.5845721689022403
