Histogram of probabiliy of leaving, Proabability values, Number of predicted probabilities 
2.4697601548218096e-05 2229 
0.05002186294595952 2243 
0.10001902829037082 2172 
0.15001619363478214 2206 
0.20001335897919342 2319 
0.2500105243236047 2237 
0.30000768966801605 2294 
0.35000485501242734 2223 
0.40000202035683863 2255 
0.4499991857012499 2290 
0.4999963510456612 2201 
0.5499935163900725 2105 
0.5999906817344839 2236 
0.6499878470788951 2302 
0.6999850124233065 2211 
0.7499821777677177 2211 
0.799979343112129 2233 
0.8499765084565404 2226 
0.8999736738009516 2265 
0.949970839145363 2234 
