Histogram of Salaries, Salary, Number of employees 
236.0148174814958 5 
898.8576502948366 23 
1561.7004831081774 78 
2224.543315921518 275 
2887.386148734859 831 
3550.2289815482 1834 
4213.07181436154 3626 
4875.914647174882 5748 
5538.757479988222 7717 
6201.600312801563 8460 
6864.443145614904 7997 
7527.285978428245 6022 
8190.128811241585 3725 
8852.971644054927 2002 
9515.814476868269 832 
10178.657309681606 352 
10841.500142494948 95 
11504.34297530829 26 
12167.18580812163 4 
12830.028640934972 1 
